0,0,1
1,1,14
2,2,1
3,3,1
4,4,1
5,5,1
6,3,6
7,6,15
5,7,1
8,8,1
9,0,1
10,3,14
11,3,1
12,9,1
13,10,1
14,11,1
15,12,1
16,13,1
17,14,1
18,15,1
19,16,17
20,17,42
21,18,1
22,19,1
19,20,30
23,21,1
24,22,1
25,23,1
26,2,1
20,24,14
20,25,50
27,26,1
28,27,1
29,28,1
30,14,1
31,29,3
32,30,2
33,31,6
34,31,6
35,32,1
36,33,8
37,34,1
38,35,22
39,36,1
38,37,24
38,6,14
38,38,8
34,39,1
40,3,8
34,40,3
34,41,3
34,42,3
33,15,4
34,15,1
33,43,3
34,44,9
33,44,13
33,45,11
38,46,27
33,47,3
34,13,11
33,13,11
34,48,9
33,48,13
33,49,12
34,49,17
33,50,1
33,51,1
34,30,1
34,52,2
33,53,11
34,53,5
33,54,14
34,54,10
41,31,15
42,37,23
43,55,1
33,56,6
44,57,1
45,29,1
45,58,1
46,7,1
46,5,1
47,31,7
33,59,1
34,45,11
33,60,18
48,3,6
49,29,1
34,60,13
50,31,3
51,61,1
52,14,7
53,7,1
54,9,1
55,7,2
56,62,2
56,63,1
57,3,1
58,31,22
59,64,1
53,31,1
60,31,1
61,31,1
62,14,8
55,65,1
34,66,4
63,31,22
33,66,6
33,67,2
64,31,30
65,68,1
66,69,4
65,5,2
67,7,2
68,70,1
69,71,1
4,19,1
70,72,1
71,73,1
72,48,1
73,74,1
74,3,1
75,75,1
76,76,1
2,77,1
77,78,1
32,79,2
13,77,1
13,80,1
27,34,1
15,29,1
78,7,1
79,81,1
27,9,2
80,3,1
81,3,1
82,15,3
32,82,3
27,83,2
83,84,1
27,85,1
27,31,1
84,31,1
27,86,1
85,21,1
86,29,1
25,9,1
34,87,7
33,87,2
34,47,2
33,40,4
87,88,1
32,89,1
44,9,1
33,90,2
34,82,2
88,31,4
89,7,1
32,91,2
90,31,1
91,5,1
59,58,1
92,62,2
93,31,1
94,3,5
95,92,1
55,93,1
96,94,1
55,9,1
97,3,1
55,4,1
98,69,5
99,12,1
100,10,1
34,59,1
34,56,2
100,5,1
101,81,1
102,81,1
103,95,1
103,57,1
67,96,1
104,97,1
105,31,1
106,98,1
107,3,2
108,99,1
109,100,1
110,101,1
111,102,1
112,8,1
113,103,1
114,104,1
115,105,1
116,106,1
117,107,1
118,108,1
119,44,1
120,75,1
15,109,1
121,110,1
122,111,1
15,19,1
123,112,1
124,20,1
125,113,1
126,8,1
27,29,2
29,114,1
29,115,1
127,116,1
127,117,1
128,118,1
129,69,1
86,80,1
130,119,1
131,120,1
132,63,1
133,3,1
33,121,1
130,122,1
34,123,3
134,4,1
135,29,1
33,124,2
33,30,1
136,31,1
137,125,2
51,29,1
53,29,1
53,41,1
42,38,2
33,123,2
55,126,1
138,31,2
99,127,1
33,128,1
100,9,1
139,129,1
140,130,1
141,29,1
142,7,1
143,131,1
144,72,1
145,105,1
5,61,1
146,132,1
4,9,1
147,133,1
148,134,1
149,135,1
150,14,1
151,136,1
152,137,1
31,9,1
153,14,1
125,129,1
45,9,1
154,138,1
125,139,1
155,3,1
27,65,1
27,140,1
31,141,1
156,142,1
156,18,1
157,139,1
158,143,1
86,19,1
118,144,1
32,51,1
44,113,1
34,145,1
134,146,1
33,106,2
134,7,2
89,80,1
32,144,1
159,144,1
46,71,1
34,67,1
160,31,2
161,59,1
53,147,1
33,148,1
100,149,1
139,93,1
67,136,1
67,10,1
103,5,1
67,85,1
162,150,1
104,129,1
65,151,1
65,7,2
104,152,1
163,153,1
164,22,1
165,29,1
166,3,1
167,154,1
168,3,1
169,155,1
170,18,1
171,44,1
172,105,1
173,41,1
174,14,1
175,27,1
176,156,1
177,14,1
178,99,1
179,32,1
180,3,1
15,65,1
15,9,1
181,44,1
31,57,1
32,157,1
182,158,1
13,5,1
183,81,1
32,108,1
184,159,1
185,160,1
27,14,1
25,129,1
26,29,1
27,161,1
186,162,1
187,163,1
188,143,1
27,93,1
189,164,1
135,65,1
134,57,1
44,165,1
34,144,1
134,19,1
44,166,1
134,41,1
190,167,1
191,9,1
51,166,1
53,139,1
192,62,1
193,41,1
55,168,1
96,29,1
55,95,1
194,3,1
67,9,1
65,169,1
34,3,1
141,19,1
33,3,1
195,170,1
196,171,21
197,171,23
198,171,61
199,171,11
200,171,7
201,171,38
202,172,1
203,171,19
204,60,1
205,171,59
206,171,18
207,173,1
208,171,2
209,174,1
210,171,14
211,175,1
212,176,1
213,177,1
214,178,1
215,179,1
216,175,1
217,171,15
218,180,1
219,181,1
220,182,1
221,183,1
222,184,1
223,171,10
224,45,1
225,171,19
226,171,24
227,185,1
228,186,1
229,187,1
230,173,1
231,188,1
232,189,1
233,171,8
234,190,1
235,171,7
236,171,6
237,191,1
238,3,1
239,171,3
240,192,1
241,171,56
242,193,1
243,194,1
244,171,14
245,171,4
246,171,10
247,171,52
248,195,1
249,171,43
250,196,3
251,174,1
39,194,1
252,171,10
253,171,10
254,171,14
255,171,16
256,171,8
257,171,144
258,171,4
259,171,5
260,171,70
261,9,1
262,171,4
263,171,7
264,174,1
265,197,1
266,198,1
267,199,1
268,171,5
269,200,1
270,171,20
271,171,5
272,188,1
273,201,1
274,178,1
275,171,3
276,171,12
277,171,15
278,171,5
279,171,37
280,198,1
281,171,28
282,190,1
283,171,34
284,186,1
285,202,1
286,186,1
287,190,1
288,198,1
289,171,16
290,171,6
291,203,1
292,171,14
293,187,1
294,204,1
295,171,11
296,171,9
297,171,11
298,171,17
299,204,1
300,171,10
301,171,3
302,171,3
303,171,46
304,205,1
305,171,35
306,171,6
307,204,1
308,171,10
309,171,6
310,171,38
311,171,15
312,171,6
313,171,18
314,171,26
315,206,1
316,171,12
317,188,1
318,44,1
319,190,1
320,171,14
321,171,12
322,9,1
323,131,1
324,174,1
325,187,1
326,171,16
327,171,39
328,171,37
329,177,1
330,207,1
331,171,102
332,171,17
333,171,27
334,171,20
335,171,2
336,171,6
337,202,1
338,206,1
339,191,1
340,171,6
341,191,1
342,171,9
343,191,1
344,171,27
345,179,1
346,45,1
347,191,1
186,66,1
348,208,1
349,201,1
350,171,38
351,174,1
352,171,6
353,171,2
354,171,46
355,171,2
356,171,22
357,197,1
358,54,1
359,171,11
360,187,1
361,171,16
362,171,9
363,171,13
364,201,1
365,209,1
366,204,1
367,171,7
368,171,12
369,171,6
370,171,14
371,171,3
372,210,1
373,171,16
374,206,1
375,211,1
376,171,13
377,200,1
378,171,4
379,171,3
380,171,9
381,171,1
382,212,1
383,198,1
384,171,15
385,171,3
386,171,2
387,171,25
388,171,11
389,207,1
390,171,38
391,171,5
392,171,10
393,173,1
394,171,4
395,171,9
396,192,1
397,212,1
398,171,8
399,175,1
400,171,2
401,171,14
402,171,8
403,171,3
404,171,30
405,171,6
406,171,9
407,171,3
408,171,9
409,171,10
410,171,19
411,171,6
412,171,9
413,171,39
414,171,14
415,171,1
416,171,12
23,213,1
417,171,6
418,171,11
419,171,8
420,171,100
421,171,26
422,171,18
423,171,9
424,171,14
425,171,51
426,171,30
427,171,7
428,214,1
429,171,10
430,171,9
431,171,6
432,171,10
433,171,72
434,171,3
435,171,8
436,171,8
437,171,11
438,171,2
439,171,137
440,171,8
441,171,5
442,171,50
443,171,7
444,171,11
445,171,8
446,171,8
447,171,49
448,171,2
449,171,64
450,171,5
451,171,2
452,171,13
453,171,4
454,171,6
455,171,22
456,171,2
457,171,92
458,171,7
459,171,8
460,171,4
461,171,2
462,171,7
463,171,19
464,171,14
465,171,22
466,171,11
467,171,3
468,171,6
469,171,37
470,171,6
471,171,3
472,171,12
114,183,1
473,171,2
474,171,7
475,171,11
476,171,21
477,171,63
478,171,29
479,171,12
480,171,20
481,171,13
482,171,6
483,171,4
484,171,8
485,171,4
486,171,1
487,171,24
488,171,17
489,171,18
490,171,10
491,171,105
492,171,3
493,171,38
494,171,6
495,191,1
496,171,7
497,171,24
498,171,10
499,183,1
500,179,1
501,171,30
502,171,16
503,171,16
504,171,55
505,171,8
506,171,92
507,171,9
508,171,6
509,171,5
510,171,5
511,215,1
512,171,19
513,171,20
514,171,8
515,171,6
516,171,2
517,171,2
518,171,13
519,171,10
520,171,1
521,216,1
522,171,2
523,171,10
524,171,82
525,171,38
526,171,15
527,171,7
528,171,18
529,171,18
530,171,11
531,171,3
532,171,3
533,171,5
534,171,13
535,171,7
536,171,1
537,171,3
538,171,18
539,171,8
540,171,2
541,171,23
542,171,8
543,171,11
544,171,4
545,171,25
546,171,31
547,171,273
548,171,14
549,217,1
550,171,8
551,171,10
552,171,94
553,171,37
554,171,4
555,171,4
556,171,15
557,171,25
558,171,4
559,171,12
560,173,1
561,218,1
562,171,11
563,171,13
23,173,1
564,171,6
565,171,19
566,171,9
567,171,5
568,171,15
569,171,92
570,196,2
571,171,10
572,171,4
573,171,9
574,171,16
575,219,16
576,171,28
577,171,17
578,171,5
579,171,29
580,220,1
581,171,20
154,204,1
582,217,3
583,171,2
584,171,7
585,171,11
586,171,20
587,171,7
588,171,19
589,171,4
590,171,6
591,171,18
592,171,20
593,171,4
594,171,12
595,171,4
596,171,27
597,171,22
598,191,1
599,183,1
600,188,1
601,171,1
602,171,66
603,171,17
604,171,7
605,171,12
606,171,113
607,171,14
608,171,6
609,171,17
610,171,15
611,171,39
612,171,10
613,221,1
614,171,8
615,179,1
616,222,1
617,193,1
618,171,8
619,171,6
620,171,10
621,171,1
622,171,29
623,171,22
624,171,7
625,171,10
626,171,4
627,171,2
628,171,24
629,171,5
630,171,14
631,171,36
632,174,1
633,171,14
219,214,1
634,171,4
635,171,25
636,171,3
637,171,61
638,171,42
639,171,12
640,171,141
641,171,8
642,171,12
643,171,5
644,171,1
645,171,9
646,171,4
647,171,6
648,171,12
649,171,18
650,171,2
651,171,11
652,171,10
653,223,5
654,224,1
655,171,8
656,171,7
657,223,2
658,171,4
659,171,55
580,225,1
660,171,185
661,225,1
662,171,2
663,171,1
664,171,1
665,171,17
291,179,1
666,207,1
667,171,11
668,171,9
669,193,1
670,175,1
671,171,18
672,171,2
673,226,17
674,171,6
675,171,5
85,227,1
676,171,6
677,171,7
678,214,1
679,171,8
680,171,6
681,171,2
682,223,4
683,171,25
684,171,3
127,204,1
685,171,111
686,171,7
687,171,7
688,171,5
689,171,5
690,171,18
691,206,1
692,171,6
693,171,5
694,171,6
695,171,28
696,171,8
697,171,67
698,171,19
699,171,3
700,171,4
701,171,7
702,171,3
703,171,9
704,171,6
705,171,8
706,171,9
707,171,6
708,171,15
709,171,12
710,171,8
711,171,209
85,187,1
712,207,1
713,228,1
714,171,24
156,229,1
715,171,6
716,171,10
717,171,4
718,171,41
719,171,3
720,199,1
721,171,15
722,230,1
156,201,1
723,171,10
724,171,33
725,171,6
726,171,13
727,171,10
728,171,30
729,171,12
730,171,2
731,171,19
732,171,8
733,171,3
734,171,11
735,171,7
736,231,1
737,171,16
738,171,16
739,171,17
740,171,21
741,171,8
742,171,15
743,171,57
744,171,47
745,171,5
746,171,18
654,232,1
747,171,43
33,233,2
33,234,3
748,171,56
749,60,1
750,171,8
751,171,2
752,235,1
753,171,2
754,171,4
755,182,1
756,171,8
33,200,22
757,171,27
758,171,14
759,171,6
760,171,4
761,171,22
762,171,6
763,171,3
764,62,1
765,171,13
766,171,6
767,171,6
768,171,8
769,171,11
770,171,20
771,171,8
772,171,11
773,171,22
774,171,19
33,236,12
34,236,15
775,171,46
33,237,1
34,238,3
776,171,9
777,171,12
778,239,1
779,171,38
780,171,9
33,240,2
781,171,49
782,171,7
34,241,12
33,241,17
783,171,2
784,171,17
785,171,6
786,171,12
787,171,14
788,171,49
789,171,10
790,242,1
791,243,1
792,171,8
793,171,10
794,171,70
795,171,13
796,204,1
797,244,1
798,171,4
799,171,14
800,171,8
801,171,14
802,171,14
803,171,25
804,171,9
805,171,6
806,171,7
807,171,4
808,171,9
809,171,7
810,171,11
811,171,10
812,171,15
813,171,6
814,171,5
815,171,21
816,171,9
817,171,10
818,171,12
819,171,32
820,171,9
821,171,18
822,171,8
823,171,15
824,245,2
825,171,18
826,171,5
827,171,38
828,171,6
829,171,19
830,171,8
831,171,14
832,171,19
833,171,5
834,171,7
835,171,7
836,171,4
34,200,22
33,217,3
837,171,9
838,171,34
839,196,1
840,171,6
841,171,6
842,171,5
843,171,13
844,171,10
845,171,43
846,171,14
847,171,11
848,171,14
33,246,6
849,171,1
850,171,6
851,171,89
852,171,5
853,171,13
854,171,12
855,171,1
856,171,21
857,171,1
858,171,3
859,171,6
860,171,18
861,171,13
862,171,5
863,171,3
864,171,4
865,171,9
866,171,10
867,171,4
868,171,7
869,171,7
870,171,13
871,171,9
872,171,8
873,247,1
874,171,11
875,171,4
876,171,16
877,171,27
878,171,5
879,171,2
880,171,2
881,171,124
882,196,2
883,171,8
884,171,23
885,171,8
886,171,12
887,171,4
888,171,3
889,171,10
890,171,16
891,171,18
892,171,2
893,171,4
894,171,4
895,171,4
896,248,1
897,171,14
898,171,63
899,171,12
900,171,4
901,171,10
902,171,7
903,171,19
904,171,25
905,171,4
161,249,1
906,171,3
907,171,14
908,171,6
909,171,11
910,171,21
911,171,20
912,171,11
913,171,5
914,171,81
915,171,1
916,171,9
917,250,1
918,171,28
919,171,2
920,171,35
921,171,50
922,171,7
923,171,8
924,171,7
925,171,25
926,171,8
927,171,3
928,171,4
929,171,3
930,171,5
931,171,13
932,171,9
933,171,10
934,171,20
935,171,8
936,171,8
937,171,22
938,171,43
939,171,3
940,171,25
941,171,4
942,171,3
943,171,32
944,171,49
945,171,24
946,171,3
947,171,6
948,171,11
949,171,18
950,171,2
951,171,5
952,171,18
953,171,10
954,171,7
955,171,4
956,171,4
957,171,9
958,171,45
959,171,3
960,171,24
961,171,13
962,171,5
963,171,15
964,171,43
965,171,2
966,171,31
967,171,52
968,171,12
969,171,15
970,171,5
971,171,16
972,171,7
33,251,3
973,171,11
974,199,1
975,87,1
976,171,19
33,252,13
977,171,23
978,171,12
979,171,29
980,171,10
981,171,38
982,171,29
983,171,5
984,171,13
985,171,19
986,171,6
987,171,14
988,171,54
989,171,8
990,171,7
991,171,39
992,171,5
34,246,6
993,171,170
994,171,14
995,171,11
996,171,6
997,171,2
998,171,6
999,171,4
1000,171,14
1001,171,7
1002,171,14
1003,171,1
1004,171,40
1005,171,5
1006,171,5
1007,171,5
34,252,6
1008,171,28
1009,171,1
1010,171,3
1011,171,6
1012,171,35
1013,171,17
1014,171,1
1015,171,4
1016,171,12
1017,171,14
1018,54,1
34,253,2
1019,171,69
1020,171,9
1021,54,1
1022,45,1
1023,171,10
1024,45,1
1025,54,1
1026,171,22
1027,44,1
1028,44,1
1029,44,1
1030,171,19
1031,171,8
1032,171,3
1033,54,1
1034,54,1
1035,45,1
1036,171,3
1037,45,1
1038,45,1
1039,45,1
1040,54,1
1041,171,33
1042,44,1
1043,44,1
1044,171,8
1045,44,1
1046,44,1
1047,60,1
1048,60,1
1049,60,1
1050,171,4
1051,171,2
1052,171,22
1053,171,33
1054,171,3
1055,171,5
1056,171,9
1057,171,15
1058,171,21
1059,171,7
1060,171,7
1061,171,7
1062,171,17
1063,171,4
1064,171,4
1065,171,2
1066,171,26
1067,171,14
1068,171,6
1069,171,14
1070,171,34
1071,171,12
1072,171,9
1073,171,18
1074,171,11
1075,171,35
1076,171,4
1077,171,7
1078,171,6
1079,171,3
1080,254,1
1081,255,1
1082,171,2
1083,256,1
1084,257,1
1085,199,1
1086,176,1
1087,176,1
1088,258,1
1089,174,1
1090,182,1
1091,171,3
1092,187,1
1093,259,1
1094,209,1
580,177,1
1095,175,1
1096,173,1
1097,260,1
1098,190,1
1099,198,1
1100,199,1
1101,176,1
1102,261,1
1103,171,5
1104,171,8
1105,171,4
1106,171,4
1107,171,2
1108,171,3
1109,171,4
1110,171,2
1111,171,1
1112,201,1
1113,180,1
1114,227,1
1115,262,1
1116,9,1
1117,171,18
1118,171,3
1119,227,1
1120,255,1
1121,171,2
1122,171,5
1123,262,1
1124,201,1
1125,171,11
1126,204,1
1127,263,1
1128,171,4
1129,177,1
1130,174,1
1131,219,1
1132,264,1
1133,201,1
1134,204,2
1135,179,1
1136,265,1
1137,207,1
1138,190,1
1139,262,1
1140,190,1
1141,188,1
1142,177,1
1143,174,1
1144,171,9
1145,171,2
1146,199,1
1147,261,1
1148,176,1
1149,201,1
1150,171,5
1151,197,1
1152,9,1
1153,171,2
1154,175,1
1155,190,1
1156,173,1
1157,266,1
1158,174,1
1159,198,1
1160,192,1
1161,171,1
1162,171,1
1163,171,2
1164,171,2
722,215,1
1165,48,1
521,230,1
1166,182,1
1167,171,6
1168,267,1
184,268,1
1169,171,12
1170,171,10
1171,171,2
1172,171,2
1173,209,1
1174,171,1
1175,171,2
284,13,1
1176,171,6
1177,171,3
1178,171,2
1179,269,1
1180,171,5
1134,216,1
1181,270,1
1182,271,1
1183,171,4
1184,227,1
1185,262,1
1186,173,1
285,199,1
1187,272,1
1188,171,3
1189,171,2
1190,255,1
1191,171,9
1192,225,1
1193,171,4
1194,171,5
1195,171,3
1196,171,2
1197,188,1
1198,171,2
1199,171,1
1200,171,5
1201,171,1
1202,171,2
21,262,1
87,199,1
14,13,1
186,273,1
1203,274,1
1204,171,2
1205,171,2
1206,171,8
1207,171,11
1208,171,8
1209,218,1
1210,171,26
1211,275,1
1212,171,11
1213,171,3
1214,171,3
1215,276,1
1216,191,1
1217,174,1
1218,197,1
1219,186,1
1220,277,1
1221,171,1
1222,171,4
1223,171,6
1224,171,12
1225,171,2
1134,273,1
1226,212,1
80,173,1
1227,171,2
1228,171,3
1229,171,11
1230,177,1
1231,278,1
1232,171,6
1233,171,3
1234,171,4
1235,279,1
1236,171,4
1237,171,4
1238,171,2
1239,171,1
1240,171,1
1241,280,1
1242,171,2
186,281,1
188,238,2
1243,281,1
1244,282,1
1245,62,1
1246,283,1
1247,171,2
720,204,1
1248,252,18
1249,171,2
1250,171,2
1251,186,1
1252,171,2
1253,171,1
1254,239,1
1255,171,5
1256,201,1
1257,218,1
1258,182,1
1259,190,1
1260,171,4
1261,171,2
1262,171,6
1263,171,3
1264,171,6
1265,171,6
1266,209,1
1267,227,1
1268,171,5
85,198,1
1269,171,3
1270,171,4
156,284,1
678,227,1
722,224,1
1271,171,7
1272,171,3
1273,171,2
1274,171,8
1275,171,5
1276,171,4
34,233,1
1277,171,1
1278,222,1
1279,171,10
1280,171,2
1281,171,4
1282,171,6
34,285,1
1283,179,1
33,249,3
1284,171,3
1285,171,4
1286,9,1
1287,171,6
1288,171,7
1289,171,3
1290,171,5
1291,171,2
1292,171,10
1293,171,8
1294,209,1
34,286,1
1295,171,5
1296,171,7
34,251,3
1297,171,3
1298,234,1
1299,171,4
1300,171,4
1301,171,6
1302,173,1
1303,171,3
1304,192,1
1305,171,6
1306,171,4
33,286,2
1307,171,5
1308,171,2
1309,171,2
1310,171,9
1311,171,7
1312,171,5
1313,171,6
1314,171,2
161,287,2
1315,171,8
1316,171,3
1317,171,5
1318,171,2
1319,171,11
1320,171,8
1321,171,6
1322,171,3
1323,171,4
1324,171,6
1325,171,7
1326,171,2
1327,171,4
1328,171,5
1329,171,3
1330,171,5
1331,171,2
1332,171,2
1333,171,7
1334,171,4
1335,209,1
1336,171,3
1337,171,1
1338,171,3
1339,171,3
1340,171,13
1341,171,3
1342,171,4
1343,45,1
1344,54,1
1345,60,1
1346,171,2
1347,171,3
1348,171,2
1349,44,1
1350,44,1
1351,171,2
1352,60,1
1353,60,1
1354,60,1
1355,60,1
1356,60,1
1357,171,2
1358,171,2
1359,62,1
1360,171,2
1361,171,1
1362,171,5
1363,171,2
1364,171,4
1365,171,2
1366,171,1
1367,179,1
1368,178,1
1369,187,1
1370,171,3
1371,187,1
1372,206,1
1373,179,1
1374,174,1
1375,179,1
1376,198,1
1377,187,1
1378,204,1
1379,173,1
1380,199,1
1381,171,4
216,183,1
1382,43,1
1383,176,1
1384,190,1
1385,262,1
1386,175,1
1387,60,1
1231,183,1
1388,187,1
1389,65,1
1390,288,1
1391,289,1
1392,179,1
1393,290,1
1394,65,1
1395,206,1
1396,190,1
1397,212,1
23,291,1
1398,292,1
1399,206,1
1400,209,1
1401,186,1
1211,178,2
736,279,1
1402,54,1
1403,182,1
1404,187,1
1405,209,1
1406,170,1
1407,48,1
1408,173,1
1409,191,1
1410,279,1
1411,191,1
1412,293,1
1413,186,1
1414,294,1
1415,171,3
1416,207,1
1417,171,6
1418,195,1
1419,179,1
1420,178,1
1421,187,1
1422,198,1
1423,188,1
1424,219,1
1425,171,2
1426,171,1
1427,179,1
1428,188,1
1429,295,1
1430,212,1
1431,179,1
1432,206,1
1433,187,1
1434,195,1
1435,175,1
1436,296,1
1437,188,1
1438,209,1
1439,171,2
1440,171,4
1441,175,1
1442,176,1
1443,207,1
1444,209,1
1445,171,2
1446,209,1
1447,297,1
1448,173,1
1449,176,1
1450,298,1
1451,299,1
1452,176,1
1453,195,1
1454,175,1
1455,212,1
1456,197,1
1457,171,3
1458,171,4
1459,186,1
1460,300,1
1461,177,1
1462,48,1
1463,301,1
1464,204,1
1465,197,1
1466,246,1
1467,171,1
1468,171,3
1469,171,1
1470,171,5
1471,221,1
1241,215,1
189,179,1
1472,246,1
1473,171,1
1474,171,5
1475,212,1
1476,207,1
1477,178,1
1478,280,1
1479,171,2
85,302,1
1480,171,4
184,213,1
1211,303,1
1481,171,2
1482,171,1
1483,171,2
1484,177,1
1485,304,1
1486,176,1
1487,187,1
1488,171,9
184,204,1
1489,171,3
1490,171,5
1491,171,2
1492,171,2
1493,171,4
1494,171,2
1495,171,2
1496,171,2
189,305,1
1497,171,2
1498,171,3
1499,175,1
1500,173,1
1203,256,1
1501,171,1
39,278,1
1502,171,1
1503,306,1
1504,191,1
1505,177,1
1506,179,1
1507,171,5
23,60,1
1508,307,1
1509,308,1
1510,262,1
1511,309,1
1512,171,4
1211,310,1
1513,171,3
1514,304,1
1515,187,1
1382,206,1
1516,171,5
1517,171,2
1518,171,1
1519,229,1
1520,176,1
1521,200,1
1522,176,1
1523,234,1
1524,171,3
722,268,1
1525,224,1
1526,311,1
1527,188,1
85,200,1
156,176,1
1528,171,2
1529,171,1
1530,171,2
1168,203,1
1506,305,1
1531,171,4
23,312,1
1532,171,5
33,171,3
1533,201,1
1534,171,4
1535,171,4
34,196,1
1536,171,3
1537,84,1
1538,204,1
1539,171,4
1540,171,2
1541,171,6
1542,171,8
1543,171,3
1544,200,1
1545,171,2
1546,171,3
1547,171,1
1548,281,1
1549,22,1
1550,171,1
1551,171,2
1552,250,1
1553,171,2
1554,171,1
1555,171,8
1556,171,6
1557,171,2
1558,171,3
1559,171,6
1560,171,2
1561,171,2
1562,171,1
67,196,1
33,253,2
1563,45,1
1564,54,1
1565,54,1
1566,54,1
1567,44,1
1568,60,1
1569,60,1
1570,60,1
1571,171,6
1572,54,1
1573,54,1
1574,54,1
1575,54,1
1576,45,1
1577,54,1
1578,44,1
1579,44,1
1580,44,1
1581,44,1
1582,44,1
1583,60,1
1584,171,1
1585,171,2
1586,234,1
1587,234,1
1588,234,1
1589,171,2
1590,171,3
1591,198,1
1592,206,1
1593,170,1
1594,206,1
1595,199,1
1596,212,1
1597,177,1
1598,197,1
1599,198,1
1600,175,1
654,310,1
1601,186,1
1602,255,1
1603,183,1
1604,101,1
1605,180,1
1606,227,1
1607,199,1
1608,197,1
1609,65,1
1097,313,1
1610,182,1
1611,176,1
1612,227,1
1613,212,1
1614,262,1
1615,65,1
1616,191,1
189,191,1
1617,188,1
1618,173,1
1619,186,1
1620,262,1
1621,314,1
1622,187,1
1623,212,1
1624,315,1
1625,316,1
1626,171,2
1097,183,1
1627,190,1
87,317,1
1628,171,2
1629,188,1
1630,202,1
1631,318,1
1632,174,1
1633,216,1
1634,187,1
1635,171,2
1636,319,1
1637,198,1
1638,192,1
1639,201,1
1640,192,1
1641,191,1
1642,179,1
1134,181,1
1097,320,1
1643,177,1
1644,219,1
1645,204,1
1646,188,1
1647,207,1
1648,255,1
1649,173,1
1650,178,1
1651,171,2
1652,177,1
1653,188,1
1654,201,1
1655,188,1
1656,187,1
1657,176,1
1658,321,1
1659,170,1
1660,118,1
1661,175,1
1662,227,1
1663,191,1
1664,246,1
1235,320,1
1235,260,1
1665,182,1
1478,186,1
85,179,1
678,322,1
666,280,1
1666,171,2
1667,176,1
1668,207,1
1669,212,1
1670,175,1
1671,204,1
1672,200,1
285,323,1
1673,174,1
1674,209,1
285,187,1
1675,171,2
1676,186,1
1677,198,1
1678,173,1
1679,188,1
1680,171,1
1681,207,1
1682,171,1
1683,176,1
1231,324,1
1684,171,4
736,325,1
1685,171,1
736,283,1
1686,276,1
1687,171,1
1688,171,1
1689,42,1
1690,176,1
1691,326,1
1692,171,2
1693,223,2
1231,327,1
1165,231,1
1694,227,1
1525,225,1
1478,279,1
85,262,1
1695,188,1
1696,171,2
1697,204,1
1698,171,1
1699,171,1
127,230,1
85,213,1
1700,231,1
1701,204,1
1478,187,2
1702,201,1
720,183,1
720,224,1
1703,244,1
154,214,1
666,201,1
1704,262,1
1705,328,1
34,217,2
1706,171,2
33,196,1
1707,329,1
1708,186,1
34,330,2
34,237,2
1709,44,1
1710,204,1
1711,200,1
1712,171,2
1713,171,3
1714,171,4
1715,331,1
1716,286,1
1717,45,1
1718,179,1
1719,171,3
1720,171,2
1721,171,3
1722,171,3
1723,45,1
1724,45,1
1725,54,1
1726,54,1
1727,45,1
1728,45,1
1729,44,1
1730,60,1
1731,171,5
1732,171,4
1733,45,1
1734,54,1
1735,54,1
1736,45,1
1737,45,1
1738,45,1
1739,45,1
1740,44,1
1741,44,1
1742,60,1
1743,171,1
1744,198,1
1745,179,1
1746,179,1
1747,171,2
1748,170,1
1749,332,1
1750,198,1
1751,222,1
1752,206,1
1753,212,1
1754,209,1
1755,204,1
1756,170,1
1757,177,1
1758,207,1
1759,48,1
1760,333,1
1761,192,1
1762,191,1
1763,179,1
1764,182,1
1765,334,1
1766,199,1
1767,187,1
1768,191,1
1769,186,1
1770,281,1
1771,192,1
1772,174,1
1773,67,1
1774,179,1
1775,171,1
1776,219,1
1777,209,1
1778,261,1
1779,170,1
1780,190,1
1781,206,1
1782,227,1
1783,199,1
1784,212,1
1785,175,1
1786,178,1
1787,183,1
1788,84,1
1789,188,1
1790,335,1
1791,179,1
1792,212,1
1793,204,1
1794,176,1
1134,176,1
1795,207,1
1796,170,1
1797,170,1
666,262,1
1798,206,1
1799,174,1
1800,131,1
1801,192,1
1802,53,1
1803,198,1
1804,174,1
1805,255,1
1806,295,1
1807,190,1
1808,336,1
1809,262,1
1810,201,1
1811,206,1
1812,319,1
1813,186,1
1814,193,1
1815,198,1
1503,302,1
1816,171,1
1817,171,1
1818,53,1
1211,176,1
511,279,1
1819,171,1
1820,87,1
1821,60,1
1822,188,1
1823,174,1
1824,209,1
1382,187,1
178,198,1
285,173,1
1825,171,1
1826,171,1
1827,199,1
1828,171,1
1829,204,1
1830,257,1
1831,187,1
1832,170,1
1833,171,1
1192,337,1
1834,177,1
1835,204,1
1836,171,1
1837,171,1
1838,338,1
1839,173,1
1840,206,1
1841,227,1
1842,262,1
1843,175,1
1844,309,1
1845,177,1
1846,186,1
1847,170,1
1848,183,1
1849,246,1
1850,204,1
1168,339,1
1851,227,1
1852,212,1
1853,208,1
1854,262,1
114,284,1
1855,171,1
87,194,1
1856,171,1
1134,322,1
1857,62,1
1858,340,1
1700,324,1
186,13,1
1859,190,1
1860,206,1
720,220,1
1861,212,1
1862,170,1
156,310,1
720,341,1
186,176,1
1168,323,1
521,317,1
34,293,1
1863,54,1
1864,204,1
1865,177,1
1866,171,1
1867,171,2
33,285,1
1868,183,1
1869,171,1
1870,44,1
1871,45,1
1872,45,1
1873,45,1
1874,45,1
1875,54,1
1876,45,1
1877,54,1
1878,54,1
1879,54,1
1880,44,1
1881,60,1
1882,60,1
1883,60,1
1743,234,1
1884,342,1
1885,183,1
1886,212,1
1887,341,1
1888,188,1
1889,343,1
1890,344,1
1891,317,1
1892,344,1
1893,345,1
1894,200,1
1895,173,1
1896,204,1
824,346,24
1897,346,22
1898,204,1
1899,199,1
1900,347,1
1901,348,1
1902,173,1
1903,213,1
1904,227,1
1905,343,1
1906,324,1
1907,221,1
1908,178,1
1909,255,1
1910,343,1
1911,212,1
1912,204,1
1913,341,1
1914,221,1
1915,344,1
1916,173,1
1917,204,1
1918,199,1
1919,317,1
1920,333,1
1921,204,1
1134,339,1
1922,186,1
1923,343,1
1924,343,1
1925,349,1
1926,179,1
1927,204,1
1928,221,1
1929,341,1
1930,207,1
1931,181,1
1932,317,1
1933,179,1
1934,221,1
1935,326,1
1936,324,1
1937,183,1
1938,183,1
1939,317,1
1940,232,1
1941,308,1
1942,221,1
1943,344,1
1944,283,1
1945,268,1
1946,179,1
1947,188,1
1948,221,1
1949,207,1
1950,207,1
1951,212,1
1952,179,1
1953,199,1
1954,173,1
1955,227,1
1956,350,1
1957,343,1
1958,343,1
1959,317,1
1960,170,1
1961,173,1
1962,188,1
1963,178,1
1964,345,1
1965,351,1
1966,283,1
1967,324,1
1968,179,1
1969,352,1
1970,200,1
1971,227,1
1972,324,1
1973,341,1
1974,349,1
1975,343,1
1976,227,1
1977,183,1
1978,207,1
1979,317,1
1980,204,1
1382,194,1
1981,221,1
1982,204,1
1983,188,1
1984,343,1
1985,183,1
1986,188,1
1987,283,1
1988,268,1
1989,188,1
1990,341,1
187,227,1
1991,326,1
1992,207,1
1993,333,1
1994,173,1
1995,170,1
1996,199,1
1997,353,1
1998,326,1
1999,317,1
2000,221,1
2001,354,2
2002,199,1
1690,187,1
2003,317,1
661,341,2
1226,176,1
1211,230,1
1211,173,1
521,204,1
2004,207,1
673,355,3
673,356,8
2005,357,2
2006,173,1
2007,204,1
1690,204,1
34,358,1
2008,317,1
2009,213,1
2010,183,1
2011,179,1
2012,324,1
2013,240,1
2014,227,1
2015,359,1
2016,249,1
2017,285,1
2018,212,1
2019,204,1
2020,204,1
2021,213,1
1519,175,1
2022,349,1
2023,200,1
580,214,1
2024,344,1
2025,207,1
2026,212,1
2027,344,1
2028,360,1
2029,192,1
2030,208,1
2031,188,1
284,207,1
2032,204,1
2033,207,1
2034,199,1
2035,341,1
2036,341,1
2037,186,1
2038,221,1
2039,345,1
2040,326,1
2041,268,1
2042,178,1
2043,317,1
654,212,1
2044,345,1
2045,213,1
2046,213,1
2047,324,1
2048,240,1
613,361,1
2049,170,1
2050,343,1
2051,183,1
2052,212,1
2053,343,1
2054,326,1
2055,207,1
2056,362,1
2057,343,1
2058,232,1
2059,317,1
2060,341,1
2061,178,1
2062,212,1
2063,343,1
2064,227,1
2065,188,1
2066,183,1
2067,363,1
2068,344,1
2069,213,1
2070,345,1
2071,326,1
2072,345,1
2073,324,1
2074,324,1
2075,317,1
2076,324,1
2077,283,1
2078,232,1
2079,344,1
2080,364,1
2081,317,1
2082,365,1
2083,186,1
2084,183,1
2085,349,1
2086,186,1
2087,170,1
2088,227,1
2089,207,1
2090,341,1
2091,200,1
2092,207,1
2093,326,1
2094,345,1
2095,343,1
2096,324,1
2097,343,1
2098,178,1
156,224,1
2099,173,1
2100,212,1
184,341,1
2101,181,1
2102,173,1
2103,207,1
2104,344,1
2105,283,1
2106,232,1
2107,324,1
2108,324,1
2109,227,1
2110,366,1
2111,367,1
2112,173,1
2113,178,1
189,206,1
1134,187,1
2114,324,1
1503,368,1
169,186,1
2115,199,1
2116,188,1
2117,268,1
2118,183,1
2119,232,1
156,341,1
169,199,1
654,176,1
2120,341,1
2121,221,1
2122,324,1
1525,229,1
2123,178,1
2124,352,1
2125,233,1
2126,240,1
2127,232,1
2128,240,1
1879,285,1
2129,238,1
34,369,3
2130,196,1
2131,317,1
2132,221,1
2133,232,1
2134,343,1
2135,268,1
2136,324,1
2137,192,1
184,177,1
1241,199,1
2138,204,1
2139,345,1
2140,170,1
2141,344,1
2142,255,1
2143,186,1
2144,221,1
2145,344,1
2146,333,1
2147,204,1
2148,183,1
2149,343,1
2150,324,1
2151,249,1
613,176,1
2152,221,1
2153,317,1
2154,343,1
2155,221,1
2156,317,1
2157,317,1
2158,221,1
2159,212,1
2160,170,1
2161,207,1
2162,199,1
2163,333,1
2164,346,1
2165,317,1
2166,178,1
1838,204,1
189,194,1
2167,345,1
2168,200,1
2169,317,1
2170,192,1
2171,317,1
2172,192,1
2173,349,1
2174,343,1
2175,199,1
2176,204,1
2177,181,1
2178,333,1
2179,349,1
2180,186,1
2181,183,1
2182,317,1
2183,343,1
2184,173,1
2185,349,1
2186,347,1
2187,343,1
2188,204,1
2189,204,1
2190,317,1
1382,333,1
2191,192,1
2192,360,1
2193,204,1
2194,349,1
2195,204,1
2196,326,1
2197,324,1
2198,326,1
2199,208,1
2200,213,1
2201,326,1
2202,324,1
2203,188,1
2204,317,1
2205,370,1
2206,232,1
2207,246,1
2208,213,1
2209,344,1
2210,183,1
2211,326,1
2212,345,1
2213,181,1
2214,255,1
2215,186,1
2216,233,1
2217,326,1
2218,232,1
2219,227,1
2220,173,1
2221,173,1
2222,173,1
2223,183,1
2224,232,1
2225,227,1
2226,173,1
2227,227,1
2228,317,1
2229,344,1
2230,213,1
2231,349,1
2232,227,1
2233,183,1
2234,317,1
2235,178,1
1235,227,1
187,173,1
511,268,1
2236,344,1
2237,192,1
2238,367,1
2239,213,1
156,227,1
1700,212,1
2240,170,1
2241,255,1
2242,199,1
2243,345,1
2244,317,1
1761,268,1
1097,194,1
1192,339,1
2245,188,1
2246,344,1
2247,324,1
2248,283,1
2249,345,1
2250,317,1
2251,221,1
2252,238,1
2253,238,1
2254,324,1
2255,324,1
2256,196,1
2257,349,1
2258,344,1
2259,179,1
2260,371,1
2261,199,1
2262,333,1
2263,212,1
2264,173,1
2265,333,1
2266,317,1
2267,232,1
678,268,1
2268,324,1
2269,204,1
2270,232,1
2271,179,1
2272,204,1
2273,186,1
2274,326,1
2275,283,1
2276,227,1
2277,199,1
2278,372,1
2279,317,1
2280,170,1
2281,173,1
2282,183,1
2283,199,1
2284,179,1
2285,344,1
2286,204,1
2287,333,1
2288,326,1
2289,221,1
2290,212,1
1241,341,1
2291,344,1
2292,186,1
2293,221,1
2294,347,1
2295,317,1
2296,317,1
2297,213,1
2298,179,1
2299,221,1
2300,343,1
2301,207,1
2302,344,1
2303,343,1
2304,208,1
2305,349,1
2306,343,1
2307,186,1
1192,200,1
2308,200,1
2309,204,1
2310,188,1
2311,212,1
2312,173,1
2313,349,1
2314,213,1
2315,341,1
2316,317,1
2317,317,1
2318,232,1
2319,181,1
2320,207,1
2321,283,1
2322,324,1
2323,326,1
2324,200,1
2325,208,1
2326,373,1
2327,333,1
2328,345,1
2329,343,1
2330,232,1
2331,374,1
2332,343,1
2333,181,1
2334,347,1
2335,232,1
2336,221,1
2337,341,1
2338,317,1
2339,344,1
2340,221,1
2341,375,1
2342,212,1
2343,268,1
2344,345,1
2345,212,1
2346,324,1
2347,317,1
2348,324,1
2349,333,1
2350,186,1
2351,219,1
2352,181,1
2353,212,1
2354,324,1
2355,214,1
2356,173,1
2357,283,1
2358,173,1
2359,283,1
2360,204,1
2361,317,1
2362,324,1
178,199,1
2363,179,1
2364,170,1
1231,224,1
2365,221,1
2366,345,1
21,333,1
2367,170,1
1506,230,1
2368,204,1
2355,183,1
2369,173,1
2370,199,1
2371,333,1
2372,183,1
511,361,1
2373,207,1
2374,221,1
291,230,1
2375,344,1
2355,341,1
154,353,1
186,209,1
2376,324,1
2377,175,1
85,376,1
2378,199,1
1700,224,1
2379,255,1
154,317,1
2246,377,1
2380,170,1
2381,227,1
2382,227,1
2383,199,1
2384,213,1
2385,173,1
2386,317,1
2387,326,1
2388,376,1
2389,192,1
2390,237,1
2391,240,1
2392,237,1
2393,249,1
2394,249,1
2395,204,1
2396,255,1
19,351,1
2397,324,1
2398,221,1
2399,344,1
2400,188,1
2401,188,1
2402,204,1
2403,221,1
2404,207,1
2404,324,1
2405,255,1
2406,199,1
1165,229,1
580,339,1
2407,188,1
2408,344,1
2409,173,1
2410,221,1
2355,333,1
2411,347,1
2412,186,1
2413,204,1
2414,207,1
2415,349,1
2416,378,1
2417,204,1
2418,204,1
2419,221,1
2420,343,1
2421,179,1
2422,186,1
2423,204,1
2424,207,1
2425,213,1
2426,333,1
2427,200,1
2428,324,1
2429,283,1
2430,317,1
2431,255,1
2432,324,1
2433,173,1
2434,268,1
2435,221,1
2436,181,1
2437,212,1
2438,200,1
2439,183,1
2440,188,1
2441,345,1
2442,170,1
2443,324,1
2444,333,1
2445,333,1
2446,183,1
2447,207,1
2448,349,1
1134,324,1
2449,344,1
2450,343,1
2451,341,1
2452,207,1
2453,212,1
2454,207,1
2455,221,1
2456,186,1
2145,173,1
2457,301,1
2458,207,1
2459,283,1
2460,186,1
2461,173,1
2462,227,1
2463,208,1
2464,173,1
2465,204,1
2466,268,1
2467,232,1
2468,227,1
2469,343,1
2470,324,1
2471,344,1
2472,200,1
2473,227,1
2474,232,1
2475,344,1
2476,213,1
2477,183,1
2478,317,1
2479,207,1
2480,268,1
2481,207,1
2482,326,1
2483,343,1
2484,173,1
2485,324,1
2486,213,1
2487,343,1
2488,173,1
1226,178,1
1165,173,1
2489,324,1
2490,343,1
2491,188,1
2492,178,1
661,326,1
2493,214,1
2494,207,1
2495,343,1
2496,227,1
2497,221,1
2498,204,1
2499,192,1
26,379,1
2500,255,1
1192,353,1
1506,280,1
219,183,1
511,186,1
87,204,1
2501,324,1
2502,372,1
156,308,1
1478,246,1
2503,343,1
2504,173,1
720,207,1
1525,212,1
156,324,1
1478,194,1
1503,268,1
2505,349,1
2506,178,1
2507,349,1
2508,326,1
2509,192,1
2510,207,1
2511,200,1
2512,344,1
2513,268,1
2514,317,1
33,369,1
33,380,1
2515,381,1
2516,382,2
2517,359,1
2518,383,1
2519,347,1
2520,384,1
736,347,1
2521,382,1
2522,385,1
2523,383,1
2524,386,2
33,387,11
34,387,11
2525,388,1
2526,382,1
2527,383,1
2528,383,1
2529,347,1
2269,344,2
2530,383,1
2531,382,1
2532,347,1
2533,383,1
2534,382,1
132,389,1
2535,390,1
2536,347,1
521,391,1
2537,389,1
2538,347,1
34,392,1
2539,393,1
1231,344,1
2540,383,1
2541,382,2
2542,347,1
666,347,1
2543,383,1
2544,347,1
2545,382,2
2546,394,1
2547,347,1
2548,387,1
184,344,1
428,395,1
285,344,1
1382,347,1
2549,374,1
85,344,1
2550,346,1
33,396,1
2551,382,2
95,397,1
2552,347,1
2553,344,1
2554,367,1
2555,385,1
2556,359,1
2557,370,1
2558,359,1
2559,389,1
2560,382,1
2561,398,1
2562,382,1
219,344,1
34,399,1
34,396,1
33,399,1
33,392,1
2563,347,1
2564,383,1
2565,398,1
2566,347,1
2567,400,1
2568,383,1
2569,383,1
2570,356,1
56,389,1
2571,387,1
2572,401,1
654,402,1
2573,403,1
2574,404,5
1521,405,1
2575,404,18
34,404,7
2576,406,15
2577,387,1
2578,407,1
19,405,1
2579,404,2
114,387,1
34,405,4
33,404,5
2580,405,1
2581,408,1
2582,409,1
2583,410,1
2584,411,1
666,383,1
1503,412,1
582,404,2
33,405,2
2585,405,2
2586,405,1
2587,404,1
2588,411,1
2589,413,1
2590,414,1
2591,404,2
1226,383,1
1226,415,1
130,405,1
156,383,1
1525,383,1
2592,404,1
2593,405,1
2594,416,1
2595,404,1
2596,405,1
2597,405,1
2598,405,1
2599,417,1
2600,405,1
2601,418,1
2602,419,1
2603,420,1
2604,421,2
2605,422,2
2606,423,2
2607,424,11
2608,424,2
2609,424,11
2610,425,3
2611,424,7
2612,426,26
2613,424,9
2614,424,6
2615,424,3
2616,424,2
2617,424,2
2618,424,22
2619,424,4
2620,424,3
2621,424,2
2622,424,1
2623,424,3
2624,427,7
2598,421,3
2625,424,3
2626,428,1
2627,429,1
159,430,1
2628,431,3
2629,424,7
2630,424,4
2631,432,2
54,433,1
34,421,3
33,421,3
2632,434,2
2633,424,11
2634,424,7
2635,424,4
34,426,11
34,435,11
33,435,11
2636,429,3
33,436,15
33,437,15
33,426,5
34,437,13
33,438,10
34,439,11
33,439,13
34,440,1
2637,424,6
2638,441,4
2638,442,3
66,443,3
2639,444,4
2640,424,11
2641,445,1
2642,446,1
2643,447,1
2644,421,3
2645,405,1
2646,405,1
2647,448,1
2648,424,11
2649,449,1
2650,450,4
2651,451,12
1997,452,1
2652,421,3
2653,424,1
2654,424,11
582,433,1
2655,424,1
2656,421,1
2657,424,2
2658,424,6
85,449,1
127,453,1
32,454,3
2659,433,4
2660,429,2
2661,455,20
2662,456,2
2663,424,5
2664,424,2
2665,457,1
2666,424,3
34,429,1
33,458,1
33,459,12
34,459,9
34,460,1
155,443,8
34,436,7
2667,421,6
33,457,8
34,457,9
34,461,1
2668,462,1
2669,433,1
2670,405,1
2671,427,1
2671,463,1
2672,464,1
580,465,1
25,433,1
2575,455,1
2673,466,1
2674,405,1
2675,433,2
2676,424,2
2677,467,1
2678,424,2
2679,468,1
32,469,2
2680,470,1
49,405,1
2586,421,1
2681,404,1
34,471,1
34,472,1
33,472,1
33,430,2
34,438,5
33,473,1
33,474,3
2682,475,1
2683,436,1
2684,401,1
2685,476,1
2686,477,1
2687,435,1
2688,478,1
2689,479,1
2690,480,1
2691,481,1
2624,463,1
2692,421,1
2693,482,1
23,483,1
2694,421,1
2695,484,2
2696,421,3
33,469,2
2697,441,1
2698,485,1
2699,408,1
2700,486,1
2701,479,1
2702,462,1
2703,479,1
2704,426,1
2705,487,1
2706,488,1
2707,483,1
2708,421,3
2709,405,1
2710,489,1
428,490,1
2711,491,1
1700,492,1
32,493,2
32,494,2
2712,405,1
34,433,1
33,495,1
2713,421,1
2714,424,1
33,440,1
2715,421,1
2716,496,1
2717,497,1
2718,498,546
2719,499,3
2720,500,1
2721,501,1
2722,502,1
1382,503,1
2723,504,1
2724,505,1
2725,506,1
2726,421,3
2727,507,1
2728,497,1
2729,508,1
2730,505,1
2731,473,1
2732,509,1
2733,510,1
250,498,17
2734,498,6
2735,498,1
2736,511,1
1231,512,1
2737,498,14
2738,513,3
2739,514,42
2740,433,5
2741,515,1
2742,516,1
2743,505,1
2744,474,1
2745,514,4
2746,517,1
2747,518,1
2748,519,1
2749,505,1
2750,503,1
580,503,1
2751,520,1
2752,521,1
2753,522,1
2754,520,1
2755,523,1
2756,524,1
2757,505,1
2758,525,1
2759,526,1
2739,499,27
2760,517,1
2761,527,2
2762,528,1
2763,517,1
2764,519,1
2765,505,1
2766,529,20
2767,499,4
2768,518,1
2769,530,3
2770,531,1
2771,532,1
2772,516,1
2773,533,1
2774,534,1
2775,526,1
2776,500,1
18,535,1
2777,536,1
2778,535,5
21,537,1
736,519,1
2779,497,2
2780,535,5
2781,538,1
2782,539,1
2783,498,2
2784,421,1
2785,503,1
2786,540,2
29,523,2
2787,541,8
2787,406,14
2787,542,15
2787,543,25
2788,505,1
2787,544,24
2789,497,1
2787,545,20
1241,505,1
2790,546,1
2791,547,2
2792,548,1
1525,436,1
2793,498,131
2794,549,2
2795,481,1
2796,443,1
2797,520,1
2012,550,1
2798,549,3
2799,551,4
2800,498,123
2801,552,2
2802,553,2
2803,554,1
2804,536,2
2805,497,2
2806,498,145
839,498,2
2662,555,4
2662,556,3
2807,557,44
2808,521,1
2809,503,1
2810,497,1
2811,558,2
56,421,2
2812,421,1
2813,497,1
2814,559,2
95,560,3
95,561,1
2636,562,1
34,556,2
33,563,1
33,522,14
34,522,13
2667,564,3
132,498,1
33,565,1
2815,499,4
2697,556,6
2816,499,5
2817,521,1
2818,566,1
2819,530,5
2820,483,1
2821,567,1
2822,505,1
2823,509,1
2824,568,1
2825,503,1
2826,520,1
2827,502,1
2828,515,1
2829,505,1
511,505,1
2830,508,1
2831,505,1
2832,505,1
2833,569,1
2834,497,1
2835,501,1
2836,505,1
2837,505,1
2838,570,1
2839,571,1
2840,526,1
2841,549,1
2842,505,1
2843,572,1
2844,573,1
2845,574,1
2846,575,1
2847,576,1
2848,577,1
2849,570,1
2850,515,1
2851,578,1
2852,526,1
2853,576,1
2854,518,1
2855,521,1
2856,516,1
2857,505,1
2492,579,1
2858,433,1
2859,580,1
2860,497,1
2861,516,1
661,581,3
2862,582,1
2863,503,1
2864,503,1
1407,583,1
2865,515,1
2866,509,1
2867,436,1
2868,520,1
2869,521,1
2870,584,1
2871,539,1
2872,585,1
2873,510,1
2874,515,1
2875,575,1
2876,515,1
2739,586,3
2877,580,1
2878,501,1
2879,534,1
2880,587,1
2881,451,5
824,588,2
2882,559,6
2883,589,1
2884,515,1
2885,552,1
2886,421,4
2887,590,5
2888,591,1
2889,505,1
2890,592,1
2891,593,1
428,581,1
1134,594,1
511,593,1
1165,595,1
2892,497,2
2893,525,1
2894,505,1
2895,534,1
2896,596,1
132,421,1
2897,597,1
2898,511,1
2899,536,3
14,506,1
87,531,1
291,594,1
2900,502,1
2901,598,1
2902,505,1
1703,534,1
2903,599,1
1858,600,1
2904,497,3
2905,509,1
32,601,2
35,536,1
35,553,2
32,602,2
1226,575,1
2906,535,2
2907,505,1
2908,531,1
32,498,1
42,543,3
134,530,1
2909,603,1
2910,604,1
2662,605,4
2911,563,2
2912,536,1
2913,497,2
2914,606,1
33,607,2
33,566,3
2915,536,1
33,498,1
33,560,3
2916,440,1
98,443,1
33,582,2
2917,440,1
2537,608,1
2918,540,2
2919,535,1
16,609,1
2920,457,2
2638,498,3
2818,560,3
34,474,1
2921,610,1
2922,511,1
2923,539,1
2924,573,3
1090,576,1
2925,596,1
2926,576,1
2927,501,1
2928,503,1
2929,611,2
2930,481,1
2931,498,1
2932,612,1
2933,519,1
2934,581,1
2935,498,2
2936,582,1
2937,498,4
2938,596,1
2939,613,1
2940,614,2
2941,526,1
2942,501,1
2943,525,1
291,534,1
2944,539,1
2945,531,1
666,576,1
2946,515,1
2947,507,1
1997,518,1
2948,610,1
2949,615,1
2950,537,1
2951,505,1
2952,526,1
2953,616,1
2954,518,1
2955,596,1
2956,497,1
2957,502,1
2958,507,1
2959,550,1
2960,617,1
2961,515,1
2767,514,1
2962,498,1
2963,618,1
2964,590,1
2965,540,4
2966,619,1
2967,610,1
32,569,3
2968,534,1
2969,620,2
2970,497,2
2971,610,1
2972,519,1
1248,621,1
2973,622,1
2974,503,1
2975,610,1
2976,517,1
2977,509,1
2978,497,1
2979,497,1
570,498,1
2980,526,1
2981,592,1
2982,536,1
1235,501,1
2674,421,1
511,500,1
2983,437,1
2984,508,1
2718,601,1
2985,521,1
2986,623,1
159,454,1
32,624,1
2987,498,1
2988,549,2
2537,457,1
2989,592,1
2990,530,2
2909,520,1
2991,540,1
2910,625,1
2910,626,1
2537,421,1
2636,627,1
2992,536,3
34,498,1
33,628,2
2667,498,2
2667,629,1
2993,497,3
34,630,1
34,631,1
2994,521,1
2995,498,1
2996,506,1
2997,593,1
2998,505,1
2999,575,1
3000,505,1
3001,503,1
3002,517,1
3003,502,1
3004,632,1
3005,508,1
3006,615,1
3007,519,1
3008,633,1
3009,497,1
3010,531,1
3011,539,1
3012,510,1
3013,610,1
3014,503,1
3015,511,1
3016,500,1
3017,526,1
3018,507,1
3019,510,1
3020,498,2
3021,507,1
3022,634,1
3023,635,1
3024,511,1
3025,598,1
3026,536,1
3027,571,1
3028,525,1
3029,636,1
3030,537,1
3031,581,1
3032,615,1
3033,501,1
3034,637,1
3035,519,1
3036,581,1
3037,571,1
114,571,1
3038,516,1
3039,440,1
3040,535,1
3041,581,1
3042,438,1
3043,638,1
3044,525,1
3045,518,1
3046,505,1
3047,571,1
3048,510,1
3049,639,1
3050,536,1
3051,535,1
1241,598,1
3052,640,2
32,641,1
3053,503,1
3054,515,1
3055,599,1
284,581,1
3056,579,1
3057,519,1
3058,503,1
3059,615,1
3060,575,1
219,610,1
1231,598,1
3061,497,1
654,526,1
2585,498,1
678,507,1
3062,510,1
1478,519,1
3063,642,2
3064,503,1
35,530,1
32,555,1
3065,599,1
3066,579,1
3067,526,1
3068,599,1
3069,556,1
3070,498,1
3071,643,1
3072,644,2
95,645,3
34,607,2
3073,497,2
3074,553,3
3075,498,1
33,646,1
3076,637,1
2537,612,1
34,647,1
2638,566,1
34,513,1
3077,637,1
3078,616,1
3079,509,1
1168,648,1
3080,497,1
3081,610,1
2690,498,1
3082,506,1
3083,539,1
3084,507,1
3085,498,1
3086,509,1
3087,549,1
3088,621,2
3089,479,1
3090,516,1
3091,517,1
3092,580,1
3093,498,1
3094,516,1
3095,649,1
3096,510,1
3097,526,1
3098,585,1
3099,505,1
3100,579,1
3101,515,1
3102,650,1
3103,576,1
3104,505,1
2082,610,1
3105,550,1
3106,526,1
3107,521,1
1449,533,1
3108,610,1
3109,570,1
3110,526,1
3111,651,1
3112,528,1
3113,652,1
3114,576,1
3115,576,1
1703,653,1
3116,503,1
3117,501,1
3118,501,1
3119,616,1
3120,508,1
428,503,1
3121,549,1
27,530,1
3122,511,1
3123,517,1
3124,616,1
3125,616,1
3126,517,1
3127,581,1
3128,596,1
3129,500,1
2802,530,1
3130,498,1
3131,497,1
720,501,1
3132,530,1
3133,443,1
1519,654,1
3134,501,1
3135,503,1
3136,516,1
42,541,1
32,655,1
3137,431,1
3138,656,1
3139,657,1
2910,658,1
3140,659,1
3141,517,1
3142,498,1
3143,549,1
3144,660,1
3145,652,1
34,535,1
3146,510,1
33,630,1
34,566,1
2815,514,1
16,582,1
3147,521,1
3148,521,1
3149,661,1
2638,560,1
3150,587,1
141,530,1
3151,539,1
3152,506,1
3153,662,1
1506,504,1
3154,588,1
3155,663,1
3156,520,1
3157,662,1
3158,507,1
3159,576,1
3160,576,1
3161,664,1
3162,500,1
3163,663,1
3164,662,1
3165,502,1
3166,665,1
3167,506,1
3168,666,1
3169,665,1
3170,506,1
3171,439,1
3172,667,1
3173,504,1
3174,520,1
3175,610,1
3176,504,1
3177,621,1
3178,510,1
3179,507,1
3180,504,1
3181,593,1
3182,665,1
3183,621,1
3184,509,1
3185,529,1
2966,668,1
3186,510,1
3187,669,1
3188,520,1
155,664,3
3189,509,1
1231,667,1
3190,662,1
3191,510,1
189,596,1
3192,507,1
3193,502,1
1478,593,1
1506,667,1
1283,663,1
10,664,7
50,529,2
3194,571,1
3195,529,25
3196,529,1
34,670,2
34,671,18
33,535,1
33,671,20
3197,502,1
3198,670,1
2815,672,1
3199,670,1
3200,516,1
3201,506,1
3202,506,1
3203,504,1
3204,667,1
3205,669,1
3206,593,1
3207,507,1
3208,673,1
3209,663,1
3210,615,1
3211,600,1
3212,529,1
3213,571,1
3214,507,1
3215,670,2
3216,593,1
3217,516,1
3218,639,1
3219,500,1
3220,525,1
3221,522,1
3222,588,1
3223,525,1
3224,510,1
3225,506,1
3226,662,1
3227,517,1
3228,504,1
3229,459,1
3230,504,1
3231,507,1
3232,502,1
3233,506,1
3234,539,1
3235,500,1
3236,520,1
3237,506,1
1700,665,1
114,504,1
1241,507,1
428,589,1
3238,662,1
3239,539,1
428,507,1
2505,510,1
1937,576,1
3240,500,1
1997,669,1
3241,506,1
3242,576,1
3243,509,1
3244,509,1
3245,546,1
3246,571,1
3247,663,1
3248,670,1
3249,674,1
678,520,1
1703,667,1
3250,576,1
3251,500,1
3252,675,2
3253,664,2
3254,502,1
2909,676,1
88,529,1
2911,535,1
3255,663,1
33,677,2
3256,664,1
3257,670,2
3258,678,1
1586,670,3
1587,670,1
3259,600,1
3260,520,1
3261,612,1
3262,679,1
3263,507,1
3264,680,1
3265,665,1
3266,663,1
3267,600,1
3268,669,1
3269,539,1
3270,501,1
3271,665,1
3272,517,1
3273,500,1
3274,662,1
3275,600,1
3276,504,1
3277,615,1
3278,673,1
3279,593,1
1997,648,1
3280,576,1
3281,673,1
3282,435,1
3283,500,1
3284,680,1
3285,648,1
3286,593,1
3287,593,1
3288,612,1
3289,504,1
3290,510,1
3291,580,1
3292,586,1
3293,576,1
3294,665,1
3295,507,1
291,673,1
3296,593,1
3297,507,1
3298,506,1
1097,593,1
3299,621,4
1700,662,1
1410,510,1
3300,621,1
85,681,1
39,510,1
3301,517,1
3302,539,1
511,576,1
3303,669,1
47,529,3
3304,509,1
3305,682,2
33,670,1
3306,663,1
3307,670,3
33,683,1
64,529,1
3308,509,1
3309,477,1
3310,593,1
3311,501,1
3312,507,1
3313,610,1
3314,663,1
3315,509,1
3316,610,1
3317,593,1
3318,662,1
3319,502,1
3320,593,1
3321,593,1
3322,615,1
3323,507,1
3324,593,1
3325,600,1
3326,501,1
3327,539,1
3328,581,1
3329,662,1
3330,511,1
3331,504,1
3332,520,1
3333,517,1
3334,669,1
3335,663,1
3336,500,1
1165,507,1
3337,667,1
3338,673,1
3339,648,1
3340,662,1
3341,684,1
3342,500,1
3343,593,1
3344,509,1
3345,648,1
3346,576,1
3347,685,1
3348,500,1
1478,686,1
3349,581,1
2772,673,1
291,576,1
3350,648,1
3351,662,1
21,687,1
2269,539,1
3352,507,1
3353,648,1
3354,684,1
3355,662,1
3356,586,1
3357,678,1
3358,500,1
1478,581,1
3359,670,1
3360,593,1
3361,663,1
3362,662,1
3363,529,1
3364,517,1
34,628,1
3365,506,1
3366,522,1
3367,667,1
3368,648,1
3369,665,1
3370,539,1
3371,504,1
3372,501,1
3373,510,1
3374,502,1
3375,520,1
3376,688,1
3377,662,1
3378,539,1
3379,678,1
3380,509,1
3381,510,1
3382,662,1
3383,663,1
3384,665,1
3385,509,1
3386,520,1
3387,506,1
3388,662,1
3389,663,1
3390,500,1
3391,689,1
3392,501,1
3393,507,1
3394,610,1
3395,669,1
3396,517,1
3397,504,1
3398,504,1
3399,690,1
3400,665,1
3401,517,1
3402,576,1
3403,669,1
3404,593,1
3405,664,1
3406,621,2
3407,610,1
3408,648,1
3409,539,1
3410,502,1
3411,504,1
3412,539,1
219,520,1
3413,504,1
3414,673,1
1168,662,1
39,501,1
3415,664,1
3416,669,1
3417,691,1
34,458,1
3418,692,1
3419,664,1
3420,681,1
3421,693,1
3422,671,1
3423,694,2
3424,621,8
3425,621,3
3426,695,5
3427,681,1
6,664,2
3428,696,1
34,697,1
16,698,1
34,664,2
21,699,1
3429,700,1
3430,694,1
3431,691,1
3432,695,1
33,694,1
33,701,1
34,701,2
3433,458,1
3434,702,1
3435,621,1
3436,703,1
3437,704,1
3438,705,1
3439,706,1
3440,703,1
3441,703,1
3442,707,1
3443,621,1
3444,703,1
3445,708,2
3446,709,3
3447,709,1
3448,710,2
3449,711,1
3450,712,1
3451,713,1
3452,714,1
3453,715,1
1241,716,1
3454,717,1
3455,718,1
3456,719,1
3457,720,1
3458,721,1
